============= NEW JOB =============
26860
============= JOB DONE =============
============= NEW JOB =============
19525
============= JOB DONE =============

============= NEW JOB =============

============= NEW JOB =============

============= NEW JOB =============
33955
============= JOB DONE =============

============= NEW JOB =============
8908

============= NEW JOB =============
17476
48750
25274
25856
5604
============= JOB DONE =============

============= NEW JOB =============
15369
29112
32769
14194
15140
============= JOB DONE =============

============= NEW JOB =============
40890
26117
8035
16642
32445
6291
7963
32944
27097
37754
11162
8747
28770
37480
52425
20216
27606
24673
11305
25142
41232
13496
15058
23517
42378
20718
4978
37603
22354
13156
7496
21447
31051
50211
10095
12282
5147
2113
26693
4755
3741
20830
17995
4311
37642
6433
36607
39262
49044
34983
============= JOB DONE =============

============= NEW JOB =============
24304
36965
3828
4982
35327
30517
29945
17972
22786
16581
6910
19484
27293
23672
17447
51444
35359
11874
13305
51001
35645
8508
5592
1733
26835
40382
17923
33803
41335
50569
2970
13486
23989
12484
14538
7580
10995
22977
28583
41706
30443
5869
43789
16604
31483
35324
50094
40349
22763
21122
============= JOB DONE =============

============= NEW JOB =============
48821
44447
13369
26471
24541
36596
20360
7350
28733
4912
51066
46731
9509
9545
25446
34258
24385
7187
15355
33638
43121
1794
42985
20392
17544
34788
45819
6162
50517
33323
16262
22923
8295
24181
28665
42799
36636
50396
26546
10157
43841
18949
20921
40897
52736
18050
38219
22235
25792
23957
12789
35670
12550
26766
20144
40328
29719
52821
18714
45581
49072
21107
17810
103
38904
50816
21896
27556
7306
4011
24361
39948
28548
19416
33783
7596
16495
21688
6637
6904
50897
23251
9222
36900
3971
7614
30074
7425
97
10130
21847
16868
2685
6652
36630
9046
33901
49995
27798
16761
============= JOB DONE =============

============= NEW JOB =============
18744
14951
30149
10726
21576
============= JOB DONE =============

============= NEW JOB =============
17910
29255
46968
42862
46425
42273
4304
21186
40455
51617
38271
19896
19664
7546
6136
46660
29505
35672
49642
20231
4765
10526
21867
38312
14262
17084
35762
36148
33255
37343
37237
32902
16645
25987
45373
5700
36972
35421
34038
45884
52109
6555
43080
42763
1085
42776
30808
4580
41460
13297
============= JOB DONE =============

============= NEW JOB =============
28790
5026
51868
43393
6756
44587
10691
45922
49514
2003
18094
3387
47110
27080
11762
41539
37359
19275
17250
48152
42980
36240
32481
2085
6653
11988
41806
18907
16679
43239
14743
33041
21014
8030
12284
27844
27889
24520
52585
10305
45223
5540
33436
20830
51910
14657
33777
22328
28902
32584
============= JOB DONE =============

============= NEW JOB =============
37504
50636
14335
4631
26912
10851
44734
1802
28582
18356
20934
22207
38144
49344
50884
33234
18862
5404
32215
50016
45141
21289
24130
29175
36496
44633
6313
34965
10834
3233
16946
11675
48376
22167
13680
38917
10508
34017
33443
41473
8837
12614
17228
3718
35666
8421
27193
22511
13405
26577
41639
43214
42835
38658
17839
46884
52685
32900
3164
13057
11245
23996
52580
9324
31682
50581
1044
18088
51840
3249
23244
23900
42864
13686
13945
52112
26633
14287
52556
4286
31163
49061
25657
9261
41513
41393
637
23438
45199
41288
11582
47992
4453
26575
42929
49431
48994
15030
29455
48629
============= JOB DONE =============

============= NEW JOB =============
11723
29418
28380
44460
35785
19018
23134
5898
42155
51984
11099
39469
45977
42772
9975
31948
33094
46140
38686
41487
============= JOB DONE =============

============= NEW JOB =============
6895
36906
44996
28728
270
48720
50302
16180
16253
11668
34024
26066
35940
20787
48763
14322
6083
51382
30477
11587
============= JOB DONE =============

============= NEW JOB =============

============= NEW JOB =============
14025
42392
============= JOB DONE =============

============= NEW JOB =============
23550
2599
============= JOB DONE =============

============= NEW JOB =============
29573
31736
============= JOB DONE =============

============= NEW JOB =============
2986
44624
============= JOB DONE =============

============= NEW JOB =============
49704
42235
============= JOB DONE =============

============= NEW JOB =============
30427
24890
============= JOB DONE =============

============= NEW JOB =============
30636
33801
25136
6780
606
============= JOB DONE =============

============= NEW JOB =============
26555
36997
47321
48936
9516
52563
37249
31910
3108
45826
33856
40542
============= JOB DONE =============

============= NEW JOB =============
12594
44850
3947
786
10854
4912
19503
8729
45496
2718
24739
27554
25390
49186
============= JOB DONE =============
